<?xml version="1.0"?>
<opencv_storage>
<Intrinsic type_id="opencv-matrix">
  <rows>3</rows>
  <cols>3</cols>
  <dt>d</dt>
  <data>
    3546.099291 0.0 320.0
    0.0 3546.099291 240.0
    0.0 0.0 1.0
  </data>
</Intrinsic>
<Extrinsic type_id="opencv-matrix">
  <rows>4</rows>
  <cols>4</cols>
  <dt>d</dt>
  <data>
    0.9848078 0.0 -0.1736482 0.0
    0.0 1.0 0.0 0.0
    0.1736482 0.0 0.9848078 200.0
    0.0 0.0 0.0 1.0
  </data>
</Extrinsic>
</opencv_storage>

